function [ M ] = colormap17
%colormap17 produces 17 unique colors
%   

M=[1 1 0;...                    % 1  yellow
   0.87059 0.4902 0;...         % 2  brown
   1 0 1;...                    % 3  magenta
   0.34902 0.2 0.32941;...      % 4  dark purple
   0 1 1;...                    % 5  cyan
   0.49412 0.49412 0.49412;...  % 6  gray
   1 0 0;...                    % 7  red
   0.8549 0.70196 1;...         % 8  fucia
   0 1 0;...                    % 9  green
   0.84706 0.16078 0;...        % 10 dark red
   0 0 1;...                    % 11 blue
   0 0.49804 0;...              % 12 dark green
   0 0 0;...                    % 13 black
   0.74902 0.74902 0;...        % 14 tan
   0.39216 0.47451 0.63529;...  % 15 blue/gray
   0.6 0 0.6;...                % 16 bright purple
   1 0.69412 0.39216;...        % 17 skin
   0.51373 0.38039 0.48235];    % 18 light purple


end

