function [ M ] = colormap6
%colormap6 produces 6 unique colors         


M=[      0         0    1.0000;...
         0    0.5000    1.0000;...
         0    1.0000    1.0000;...
    0.5000    1.0000    0.5000;...
    1.0000    0.5000         0;...
    1.0000    0.0000         0];

end