%% 7 color light dark

M=[0.999 0.398 0.398;...         % 1  light red
   0.797 0.000 0.199;...         % 2  dark red
   0.598 0.996 0.598;...         % 3  light green
   0.000 0.797 0.199;...         % 4  dark green
   0.398 0.398 0.996;...         % 5  light blue
   0.000 0.000 0.797;...         % 6  dark blue
   0.797 0.797 0.797;...         % 7  gray
   0.000 0.000 0.000;...         % 8  black
   0.398 0.996 0.996;...         % 9  light aqua
   0.000 0.797 0.797;...         % 10 dark aqua
   0.996 0.398 0.996;...         % 11 light magenta
   0.797 0.000 0.797;...         % 12 dark magenta
   0.996 0.996 0.398;...         % 13 light yellow
   0.797 0.797 0.000];           % 14 dark yellow
   