function [ M ] = colormap7
%colormap6 produces 7 unique colors



M=[0.797 0.000 0.199;...         % 2  dark red
   0.000 0.797 0.199;...         % 4  dark green
   0.000 0.000 0.797;...         % 6  dark blue
   0.000 0.000 0.000;...         % 8  black
   0.398 0.996 0.996;...         % 9  light aqua
   0.996 0.398 0.996;...        % 11 light magenta
   0.797 0.797 0.797];...         % 7  gray
   
end
  
  
          
   